%YAML:1.0
---
type: IMU
name: im10a
Gyr:
   unit: " rad/s"
   avg-axis:
      gyr_n: 1.0969957299395026e+00
      gyr_w: 4.8477797168896648e-03
   x-axis:
      gyr_n: 1.4724816579361433e+00
      gyr_w: 4.8477797168896648e-03
   y-axis:
      gyr_n: 4.9297073028807792e-01
      gyr_w: 4.8477797168896648e-03
   z-axis:
      gyr_n: 1.3255348015942863e+00
      gyr_w: 4.8477797168896648e-03
Acc:
   unit: " m/s^2"
   avg-axis:
      acc_n: 9.7078249034591624e-01
      acc_w: 1.8978663688867950e-01
   x-axis:
      acc_n: 6.0398793789805749e-01
      acc_w: 1.0761661339203789e-01
   y-axis:
      acc_n: 2.4044870267190616e-01
      acc_w: 3.5829842426542968e-02
   z-axis:
      acc_n: 2.0679108304677851e+00
      acc_w: 4.2591345484745774e-01
