%YAML:1.0
---
type: IMU
name: imu
Gyr:
   unit: " rad/s"
   avg-axis:
      gyr_n: 2.0964291606112387e-01
      gyr_w: 7.9400539263968679e-04
   x-axis:
      gyr_n: 2.1073102176752503e-01
      gyr_w: 5.6533903384359306e-04
   y-axis:
      gyr_n: 2.1033036689188508e-01
      gyr_w: 8.6900522433915636e-04
   z-axis:
      gyr_n: 2.0786735952396157e-01
      gyr_w: 9.4767191973631085e-04
Acc:
   unit: " m/s^2"
   avg-axis:
      acc_n: 2.6815329781772967e-01
      acc_w: 3.4648179621079617e-03
   x-axis:
      acc_n: 2.6499278818027877e-01
      acc_w: 3.4619317072748152e-03
   y-axis:
      acc_n: 2.7255611632790816e-01
      acc_w: 3.3992179336940517e-03
   z-axis:
      acc_n: 2.6691098894500215e-01
      acc_w: 3.5333042453550186e-03
